+++
#author: "Martin"
title = "Freiraum offen am Wahlsonntag"
date = "2013-09-19"
categories = ["Ankündigungen"]
+++
Anlässlich der Bundestagswahl 2013 wird der Freiraum am Sonntag (22.September)
vorraussichtlich von 12-20 Uhr geöffnet sein.

Wir werden wählen (oder auch nicht), [Statistiken
erstellen](http://wahldatenhelfer.de/) (oder es zumindest versuchen), das
[Bundesradio Wahlstudio](http://socialmediaweek.org/berlin/events/?id=89459)
schauen (oder was sonst gewünscht wird) oder den Wahltag sonstwie
hackertypisch begehen.

Besucher sind wie immer herzlich eingeladen.

**[EDIT 11:58]** offen  
**[EDIT 18:16]** Hackerspace-Interne Exit-Polls ergaben: 4 Stimmen für Piratenpartei, jeweils 1 für SPD/LINKE/Grüne.  
**[EDIT 18:36]** Kleiner Beispiel-Hack von heute: Korrelation für die Wahlergebnisse von verschiedenen Partei über alle Wahlkreise in Ulm (Daten von 2009):
    
    
                    CDU     SPD     FDP     GRÜNE   LINKE   NPD
            CDU      1.00   -0.72    0.09   -0.71   -0.56   -0.02
            SPD     -0.72    1.00   -0.45    0.33    0.52    0.03
            FDP      0.09   -0.45    1.00   -0.13   -0.45   -0.11
            GRÜNE   -0.71    0.33   -0.13    1.00    0.16   -0.26
            LINKE   -0.56    0.52   -0.45    0.16    1.00    0.18
            NPD     -0.02    0.03   -0.11   -0.26    0.18    1.00
    

**[EDIT 23.9. 21:58]** [Erwähnung bei heise.de](http://www.heise.de/newsticker/meldung/Experimentieren-mit-Wahldaten-1964932.html) \o/

